燕文专线追踪-普货							返回主目录				
生效日期	2025-06-12 00:00:00										
产品号	481										
大洲	国家	CountryCode	公斤运费(元/KG)	处理费(元/件)	重量段(KG)	最小计费重量(KG)					
北美洲	美国	US	120	20	0.001 - 0.1	0.05					
			114	18	0.101 - 0.2	0.05					
			110	16	0.201 - 0.45	0.05					
			103	16	0.451 - 0.7	0.05					
			103	9	0.701 - 1.5	0.05					
			103	9	1.501 - 2	0.05					
			96	9	2.001 - 30	0.05					
	加拿大	CA	78	21	0.001 - 0.15	0.05					
			79	22	0.151 - 0.45	0.05					
			82	23	0.451 - 0.75	0.05					
			83	23	0.751 - 1	0.05					
			83	23	1.001 - 30	0.05					
	墨西哥	MX	84	18	0.001 - 0.5	0.05					
			84	19	0.501 - 1	0.05					
			90	20	1.001 - 5	0.05					
	波多黎各	PR	103	30	0.001 - 0.1	0.05					
			103	30	0.101 - 0.2	0.05					
			103	35	0.201 - 0.34	0.05					
			103	40	0.341 - 0.45	0.05					
			108	55	0.451 - 0.7	0.05					
			108	55	0.701 - 1.5	0.05					
			108	55	1.501 - 2	0.05					
			108	55	2.001 - 30	0.05					
	美国偏远地区	RA	103	30	0.001 - 0.1	0.05					
			103	30	0.101 - 0.2	0.05					
			103	35	0.201 - 0.34	0.05					
			103	40	0.341 - 0.45	0.05					
			108	55	0.451 - 0.7	0.05					
			108	55	0.701 - 1.5	0.05					
			108	55	1.501 - 2	0.05					
			108	55	2.001 - 30	0.05					
欧洲	英国	GB	68	16	0.001 - 1	0.001					
			70	16	1.001 - 20	0.001					
	法国	FR	84	18	0.001 - 0.2	0.001					
			82	19	0.201 - 0.5	0.001					
			78	23	0.501 - 30	0.001					
	德国	DE	70	19	0.001 - 0.3	0.001					
			65	22	0.301 - 30	0.001					
	意大利	IT	68	25	0.001 - 30	0.001					
	西班牙	ES	74	18	0.001 - 30	0.001					
	荷兰	NL	85	21	0.001 - 0.3	0.001					
			85	21	0.301 - 0.5	0.001					
			83	21	0.501 - 2	0.001					
			82	21	2.001 - 30	0.001					
	奥地利	AT	72	23	0.001 - 0.2	0.001					
			72	23	0.201 - 0.5	0.001					
			72	23	0.501 - 30	0.001					
	比利时	BE	88	23	0.001 - 0.2	0.05					
			88	21	0.201 - 2	0.05					
			77	21	2.001 - 30	0.05					
	保加利亚	BG	70	17	0.001 - 30	0.05					
	瑞士	CH	85	22	0.001 - 0.2	0.05					
			100	24	0.201 - 0.5	0.05					
			104	24	0.501 - 1	0.05					
			104	24	1.001 - 2	0.05					
			112	34	2.001 - 30	0.05					
	塞浦路斯	CY	90	29	0.001 - 0.2	0.001					
			132	29	0.201 - 20	0.001					
	捷克	CZ	52	20	0.001 - 2	0.05					
	丹麦	DK	91	24	0.001 - 0.3	0.05					
			75	24	0.301 - 2	0.05					
	爱沙尼亚	EE	77	20	0.001 - 2	0.05					
			77	20	2.001 - 30	0.05					
	芬兰	FI	74	26	0.001 - 20	0.05					
	希腊	GR	90	18	0.001 - 30	0.001					
	克罗地亚	HR	85	23	0.001 - 30	0.001					
	匈牙利	HU	75	21	0.001 - 30	0.05					
	爱尔兰	IE	90	23	0.001 - 20	0.05					
	立陶宛	LT	69	20	0.001 - 2	0.05					
			69	20	2.001 - 30	0.05					
	卢森堡	LU	110	26	0.001 - 2	0.05					
			115	26	2.001 - 30	0.05					
	拉脱维亚	LV	77	20	0.001 - 2	0.05					
			77	20	2.001 - 30	0.05					
	马耳他	MT	120	31	0.001 - 20	0.05					
	挪威	NO	80	20	0.001 - 0.1	0.05					
			66	20	0.101 - 0.3	0.05					
			58	20	0.301 - 5	0.05					
	波兰	PL	69	11	0.001 - 0.2	0.001					
			64	15	0.201 - 20	0.001					
	葡萄牙	PT	89	20	0.001 - 30	0.001					
	罗马尼亚	RO	70	18	0.001 - 30	0.05					
	瑞典	SE	72	16	0.001 - 0.3	0.05					
			62	21	0.301 - 2	0.05					
			65	21	2.001 - 20	0.05					
	斯洛文尼亚	SI	85	24	0.001 - 30	0.001					
	斯洛伐克	SK	78	20	0.001 - 30	0.05					
	乌克兰	UA	105	20	0.001 - 0.15	0.05					
			95	12	0.151 - 30	0.05					
南美洲	巴西	BR	84	38	0.001 - 0.5	0.05					
			84	40	0.501 - 1	0.05					
			84	45	1.001 - 1.5	0.05					
			84	49	1.501 - 2	0.05					
			84	65	2.001 - 3	0.05					
			84	75	3.001 - 5	0.05					
	智利	CL	95	23	0.001 - 0.5	0.05					
			100	27	0.501 - 1	0.05					
			100	32	1.001 - 5	0.05					
	哥伦比亚	CO	134	26	0.001 - 2	0.05					
			134	26	2.001 - 3	0.05					
	秘鲁	PE	185	21	0.001 - 2	0.05					
大洋洲	新西兰	NZ	83	17	0.001 - 25	0.001					
亚洲	中国香港	HK	15	22	0.001 - 2	0.05					
			15	40	2.001 - 20	0.05					
	印度	IN	116	13	0 - 30	0.001					
	韩国	KR	6	17	0.001 - 2	0.05					
			8	17	2.001 - 20	0.05					
	马来西亚	MY	30.5	21	0 - 1	0.001					
			33.5	16	1.001 - 30	0.001					
	菲律宾	PH	90	12	0 - 0.5	0.001					
			86	12	0.501 - 10	0.001					
			86	11	10.001 - 30	0.001					
	新加坡	SG	46	20	0.001 - 30	0.05					
	泰国	TH	28	11	0.001 - 30	0.05					
	中国台湾	TW	38	29	0.001 - 20	0.05					
亚洲（中东）	阿联酋	AE	45	22	0.001 - 0.5	0.05					
			45	22	0.501 - 2	0.05					
			45	22	2.001 - 5	0.05					
			45	24	5.001 - 30	0.05					
	巴林	BH	64	37	0.001 - 0.3	0.05					
			75	40	0.301 - 0.5	0.05					
			95	55	0.501 - 1.5	0.05					
			110	65	1.501 - 5	0.05					
	以色列	IL	95	21	0.001 - 0.5	0.05					
			95	23	0.501 - 5	0.05					
	约旦	JO	100	37	0.001 - 0.5	0.05					
			108	30	0.501 - 2	0.05					
			95	25	2.001 - 5	0.05					
			95	25	5.001 - 15	0.05					
	阿曼	OM	93	37	0.001 - 20	0.05					
	卡塔尔	QA	65	45	0.001 - 0.5	0.05					
			76	45	0.501 - 2	0.05					
			76	55	2.001 - 5	0.05					
			81	55	5.001 - 30	0.05					
	沙特阿拉伯	SA	66	40	0.001 - 0.5	0.05					
			67	35	0.501 - 1	0.05					
			67	35	1.001 - 2	0.05					
			67	35	2.001 - 5	0.05					
			67	25	5.001 - 30	0.05					
	土耳其	TR	83	27	0 - 0.2	0.05					
			80	22	0.201 - 0.5	0.05					
			86	18	0.501 - 10	0.05					
	越南	VN	29	10	0.001 - 30	0.001					
非洲	安哥拉	AO	122	24	0.001 - 2	0.05					
	加纳	GH	147	22	0.001 - 2	0.05					
			208	22	2.001 - 10	0.05					
			180	22	10.001 - 30	0.05					
	肯尼亚	KE	113	22	0.001 - 2	0.05					
			161	22	2.001 - 10	0.05					
			140	22	10.001 - 30	0.05					
	摩洛哥	MA	120	48	0.001 - 2	0.05					
	尼日利亚	NG	94	27	0.001 - 2	0.05					
			150	27	2.001 - 10	0.05					
			130	27	10.001 - 30	0.05					
	卢旺达	RW	110	18	0.001 - 2	0.05					
	坦桑尼亚	TZ	106	21	0.001 - 2	0.05					
	乌干达	UG	132	22	0.001 - 2	0.05					
			215	22	2.001 - 10	0.05					
			186	22	10.001 - 30	0.05					
	南非	ZA	171	26	0.001 - 8	0.05					
大洲	国家	CountryCode	重量段(KG)	首重	首重价格	续重	续重价格	处理费			
亚洲	日本	JP	0.001 - 2	0.5	31	0.5	5	0			
			2.001 - 10	0.5	31	0.5	6	0			
大洲	国家	分区	公斤运费(元/KG)	处理费(元/件)	重量段(KG)	最小计费重量(KG)					
大洋洲	澳大利亚	1区	37	20	0.001 - 0.5	0.001					
			37	20	0.501 - 1	0.001					
			37	21	1.001 - 2	0.001					
			37	25	2.001 - 5	0.001					
			37	35	5.001 - 10	0.001					
			37	55	10.001 - 22	0.001					
		2区	38	25	0.001 - 0.5	0.001					
			38	27	0.501 - 1	0.001					
			38	27	1.001 - 2	0.001					
			38	28	2.001 - 5	0.001					
			38	46	5.001 - 10	0.001					
			38	66	10.001 - 22	0.001					
		3区	50	49	0.001 - 0.5	0.001					
			50	65	0.501 - 1	0.001					
			50	67	1.001 - 2	0.001					
			50	85	2.001 - 5	0.001					
			50	105	5.001 - 10	0.001					
			50	125	10.001 - 22	0.001					
		4区	51	55	0.001 - 0.5	0.001					
			51	95	0.501 - 2	0.001					
			51	117	2.001 - 5	0.001					
			51	132	5.001 - 10	0.001					
			51	155	10.001 - 22	0.001					
